0,28.0,2.0,42.0,58.0
1,-73.0,4.0,71.0,53.0
2,-38.0,16.0,46.0,89.0
3,-247.0,2.0,57.0,79.0
4,156.0,13.0,59.0,46.0
5,39.0,7.0,69.0,80.0
6,-45.0,1.0,66.0,71.0
7,-231.0,2.0,64.0,52.0
8,225.0,14.0,70.0,71.0
9,-124.0,19.0,63.0,71.0
10,-163.0,3.0,72.0,79.0
11,-111.0,7.0,71.0,76.0
12,213.0,9.0,76.0,70.0
13,191.0,11.0,65.0,78.0
14,-115.0,-9.0,75.0,66.0
15,-32.0,2.0,56.0,63.0
16,76.0,-11.0,45.0,66.0
17,-174.0,11.0,46.0,84.0
18,-64.0,-3.0,60.0,76.0
19,227.0,0.0,63.0,71.0
20,-21.0,7.0,69.0,97.0
21,-27.0,21.0,67.0,63.0
22,-9.0,2.0,57.0,79.0
23,39.0,-5.0,70.0,68.0
24,129.0,0.0,72.0,79.0
25,41.0,4.0,72.0,70.0
26,-31.0,-13.0,61.0,63.0
27,-10.0,2.0,67.0,59.0
28,-43.0,-2.0,72.0,59.0
29,92.0,14.0,50.0,88.0
30,-107.0,-17.0,64.0,63.0
31,-58.0,23.0,62.0,68.0
32,355.0,12.0,59.0,67.0
33,92.0,4.0,83.0,54.0
34,94.0,-4.0,79.0,76.0
35,77.0,14.0,68.0,77.0
36,-87.0,5.0,68.0,59.0
37,87.0,16.0,81.0,58.0
38,106.0,-5.0,63.0,52.0
39,-12.0,1.0,50.0,85.0
40,-52.0,-5.0,60.0,55.0
41,-192.0,0.0,90.0,80.0
42,-67.0,0.0,71.0,59.0
43,-86.0,0.0,62.0,55.0
44,-48.0,7.0,78.0,78.0
45,29.0,6.0,65.0,61.0
46,-165.0,1.0,65.0,60.0
47,-6.0,7.0,77.0,62.0
48,137.0,12.0,80.0,58.0
49,-225.0,11.0,84.0,86.0
50,-47.0,32.0,50.0,72.0
51,-64.0,25.0,77.0,75.0
52,19.0,15.0,41.0,83.0
53,175.0,-4.0,61.0,65.0
54,-65.0,18.0,60.0,76.0
55,122.0,17.0,92.0,84.0
56,63.0,23.0,54.0,46.0
57,132.0,13.0,69.0,65.0
58,85.0,26.0,69.0,73.0
59,-69.0,9.0,68.0,68.0
60,78.0,13.0,89.0,67.0
61,58.0,6.0,59.0,69.0
62,3.0,16.0,64.0,56.0
63,45.0,-24.0,58.0,87.0
64,71.0,-6.0,42.0,90.0
65,64.0,7.0,80.0,81.0
66,107.0,3.0,60.0,69.0
67,-98.0,-10.0,56.0,54.0
68,-28.0,24.0,56.0,63.0
69,-32.0,8.0,72.0,67.0
70,-67.0,18.0,64.0,75.0
71,-161.0,-9.0,65.0,67.0
72,83.0,11.0,58.0,67.0
73,-10.0,-7.0,89.0,66.0
74,-82.0,0.0,61.0,87.0
75,-275.0,5.0,54.0,66.0
76,35.0,3.0,88.0,77.0
77,-34.0,1.0,68.0,82.0
78,-15.0,13.0,56.0,64.0
79,26.0,23.0,69.0,58.0
80,80.0,18.0,68.0,57.0
81,138.0,12.0,66.0,60.0
82,-41.0,8.0,74.0,74.0
83,29.0,9.0,64.0,67.0
84,-24.0,3.0,72.0,64.0
85,51.0,-2.0,55.0,61.0
86,-2.0,14.0,74.0,80.0
87,15.0,-8.0,57.0,95.0
88,5.0,0.0,67.0,55.0
89,26.0,-5.0,53.0,66.0
90,105.0,-4.0,54.0,72.0
91,-172.0,-8.0,56.0,65.0
92,94.0,-1.0,75.0,48.0
93,116.0,-7.0,52.0,87.0
94,157.0,15.0,78.0,70.0
95,235.0,-6.0,69.0,69.0
96,87.0,5.0,73.0,77.0
97,122.0,-2.0,63.0,79.0
98,-272.0,0.0,54.0,75.0
99,47.0,0.0,52.0,73.0
100,-18.0,9.0,67.0,88.0
101,48.0,12.0,65.0,83.0
102,-174.0,-5.0,68.0,74.0
103,-42.0,-4.0,50.0,74.0
104,48.0,-3.0,67.0,64.0
105,47.0,27.0,66.0,75.0
106,-168.0,-4.0,78.0,48.0
107,5.0,12.0,63.0,65.0
108,11.0,-8.0,69.0,78.0
109,-254.0,-9.0,57.0,56.0
110,60.0,-5.0,58.0,85.0
111,-27.0,5.0,67.0,69.0
112,-95.0,4.0,69.0,35.0
113,-35.0,3.0,53.0,87.0
114,-50.0,8.0,76.0,73.0
115,-30.0,9.0,76.0,62.0
116,47.0,15.0,49.0,62.0
117,236.0,0.0,82.0,51.0
118,59.0,-4.0,79.0,66.0
119,-8.0,-6.0,80.0,73.0
120,-187.0,11.0,59.0,51.0
121,79.0,5.0,75.0,60.0
122,-144.0,19.0,76.0,72.0
123,-8.0,-3.0,72.0,97.0
124,13.0,-17.0,85.0,62.0
125,86.0,4.0,68.0,70.0
126,-53.0,-1.0,65.0,81.0
127,-28.0,9.0,65.0,98.0
128,-106.0,-2.0,55.0,75.0
129,-102.0,17.0,55.0,63.0
130,129.0,4.0,67.0,71.0
131,65.0,5.0,52.0,81.0
132,77.0,-8.0,52.0,60.0
133,144.0,-1.0,66.0,62.0
134,94.0,-27.0,66.0,73.0
135,-21.0,-5.0,55.0,85.0
136,-55.0,17.0,84.0,74.0
137,-35.0,-12.0,53.0,65.0
138,-10.0,12.0,68.0,43.0
139,-52.0,-3.0,79.0,65.0
140,-21.0,15.0,61.0,74.0
141,127.0,5.0,68.0,72.0
142,30.0,16.0,60.0,71.0
143,-29.0,-1.0,62.0,72.0
144,108.0,-3.0,59.0,56.0
145,-194.0,12.0,65.0,68.0
146,-97.0,36.0,75.0,67.0
147,171.0,8.0,79.0,69.0
148,-121.0,7.0,67.0,66.0
149,-15.0,0.0,66.0,62.0
150,72.0,6.0,55.0,71.0
151,97.0,1.0,66.0,61.0
152,-32.0,11.0,59.0,64.0
153,249.0,0.0,45.0,62.0
154,-176.0,-1.0,56.0,48.0
155,66.0,-28.0,70.0,91.0
156,-12.0,-20.0,88.0,51.0
157,7.0,10.0,91.0,71.0
158,-121.0,0.0,74.0,66.0
159,247.0,-3.0,73.0,64.0
160,129.0,-3.0,78.0,72.0
161,-74.0,9.0,48.0,73.0
162,-83.0,7.0,51.0,85.0
163,-25.0,-11.0,69.0,68.0
164,0.0,-4.0,44.0,65.0
165,-36.0,-12.0,97.0,92.0
166,13.0,12.0,57.0,68.0
167,44.0,0.0,58.0,67.0
168,-96.0,-11.0,51.0,72.0
169,19.0,23.0,82.0,62.0
170,-95.0,18.0,85.0,78.0
171,-61.0,-10.0,55.0,81.0
172,-47.0,2.0,72.0,60.0
173,119.0,6.0,57.0,72.0
174,-41.0,-3.0,81.0,48.0
175,19.0,0.0,57.0,76.0
176,109.0,0.0,71.0,92.0
177,87.0,6.0,46.0,58.0
178,-3.0,13.0,58.0,82.0
179,-109.0,8.0,62.0,67.0
180,-196.0,-5.0,61.0,88.0
181,-82.0,3.0,76.0,81.0
182,39.0,0.0,64.0,62.0
183,-22.0,7.0,65.0,67.0
184,-246.0,9.0,64.0,74.0
185,-77.0,-2.0,71.0,76.0
186,-49.0,10.0,65.0,79.0
187,-53.0,2.0,74.0,79.0
188,-171.0,4.0,69.0,71.0
189,-226.0,26.0,77.0,70.0
190,56.0,10.0,78.0,71.0
191,112.0,2.0,76.0,61.0
192,150.0,9.0,59.0,67.0
193,-108.0,-7.0,70.0,80.0
194,123.0,0.0,67.0,73.0
195,-42.0,2.0,73.0,65.0
196,-71.0,-14.0,76.0,93.0
197,36.0,9.0,76.0,94.0
198,34.0,6.0,66.0,73.0
199,-109.0,-5.0,73.0,79.0
200,-27.0,-5.0,97.0,77.0
201,106.0,0.0,90.0,77.0
202,-8.0,-6.0,58.0,70.0
203,-101.0,3.0,61.0,70.0
204,39.0,-4.0,85.0,83.0
205,-109.0,-6.0,80.0,66.0
206,175.0,17.0,63.0,61.0
207,-1.0,20.0,36.0,73.0
208,81.0,5.0,81.0,78.0
209,-259.0,10.0,75.0,61.0
210,-39.0,6.0,70.0,86.0
211,68.0,-7.0,75.0,70.0
212,-139.0,6.0,68.0,81.0
213,-107.0,-4.0,76.0,79.0
214,-42.0,11.0,61.0,78.0
215,-105.0,3.0,60.0,69.0
216,-83.0,16.0,74.0,74.0
217,93.0,25.0,61.0,82.0
218,-60.0,-6.0,70.0,71.0
219,86.0,20.0,47.0,75.0
220,-7.0,-3.0,66.0,67.0
221,-31.0,12.0,67.0,63.0
222,-60.0,-2.0,68.0,69.0
223,49.0,-4.0,60.0,70.0
224,-68.0,17.0,73.0,80.0
225,-127.0,-13.0,52.0,83.0
226,-192.0,24.0,72.0,73.0
227,130.0,15.0,74.0,70.0
228,31.0,26.0,78.0,59.0
229,10.0,12.0,47.0,67.0
230,-76.0,7.0,75.0,87.0
231,-30.0,20.0,71.0,66.0
232,-48.0,29.0,73.0,78.0
233,136.0,29.0,68.0,94.0
234,-322.0,7.0,73.0,63.0
235,104.0,1.0,73.0,59.0
236,-60.0,-16.0,84.0,80.0
237,139.0,2.0,65.0,74.0
238,168.0,6.0,87.0,81.0
239,-22.0,3.0,71.0,72.0
240,113.0,-10.0,83.0,76.0
241,6.0,-1.0,95.0,77.0
242,95.0,20.0,70.0,80.0
243,-1.0,12.0,74.0,64.0
244,76.0,-12.0,80.0,51.0
245,-18.0,-10.0,55.0,71.0
246,86.0,10.0,61.0,51.0
247,32.0,17.0,56.0,77.0
248,-106.0,-5.0,58.0,75.0
249,30.0,-6.0,67.0,85.0
250,43.0,-3.0,67.0,71.0
251,-282.0,6.0,70.0,72.0
252,-301.0,-2.0,78.0,58.0
253,-107.0,25.0,82.0,76.0
254,114.0,9.0,79.0,82.0
255,-89.0,-4.0,64.0,79.0
256,107.0,4.0,78.0,77.0
257,-70.0,10.0,69.0,59.0
258,10.0,-1.0,57.0,74.0
259,-48.0,12.0,56.0,78.0
260,103.0,10.0,68.0,71.0
261,-5.0,7.0,75.0,54.0
262,-103.0,-4.0,62.0,59.0
263,26.0,12.0,78.0,60.0
264,-101.0,12.0,62.0,63.0
265,148.0,0.0,59.0,60.0
266,-18.0,23.0,72.0,65.0
267,121.0,-17.0,72.0,67.0
268,4.0,5.0,50.0,82.0
269,-15.0,-20.0,71.0,61.0
270,165.0,-1.0,78.0,62.0
271,-166.0,3.0,71.0,81.0
272,-20.0,5.0,80.0,71.0
273,-216.0,-3.0,73.0,64.0
274,150.0,3.0,73.0,58.0
275,75.0,2.0,66.0,78.0
276,-47.0,1.0,57.0,73.0
277,97.0,-6.0,75.0,67.0
278,13.0,-5.0,67.0,66.0
279,-16.0,27.0,58.0,73.0
280,205.0,9.0,68.0,94.0
281,4.0,20.0,65.0,78.0
282,-127.0,5.0,71.0,44.0
283,-53.0,8.0,81.0,88.0
284,-60.0,-2.0,63.0,55.0
285,8.0,13.0,60.0,62.0
286,169.0,11.0,75.0,66.0
287,83.0,-13.0,58.0,73.0
288,-48.0,-9.0,75.0,65.0
289,-2.0,25.0,69.0,89.0
290,-158.0,5.0,87.0,60.0
291,-27.0,-10.0,70.0,81.0
292,-27.0,8.0,66.0,74.0
293,168.0,-14.0,63.0,70.0
294,26.0,7.0,72.0,88.0
295,-70.0,12.0,71.0,70.0
296,-52.0,-4.0,70.0,77.0
297,118.0,0.0,83.0,58.0
298,-15.0,-1.0,83.0,73.0
299,119.0,0.0,67.0,66.0
300,91.0,-7.0,68.0,56.0
301,-17.0,19.0,80.0,76.0
302,-45.0,-2.0,62.0,67.0
303,-73.0,7.0,62.0,59.0
304,-25.0,6.0,74.0,54.0
305,-187.0,8.0,59.0,57.0
306,-9.0,20.0,62.0,86.0
307,133.0,8.0,58.0,68.0
308,-22.0,20.0,61.0,51.0
309,-61.0,-4.0,76.0,79.0
310,-77.0,-11.0,64.0,73.0
311,-148.0,6.0,76.0,65.0
312,26.0,13.0,79.0,76.0
313,71.0,2.0,67.0,68.0
314,66.0,-6.0,80.0,58.0
315,-29.0,11.0,60.0,84.0
316,-94.0,6.0,63.0,95.0
317,76.0,0.0,69.0,54.0
318,-173.0,0.0,73.0,57.0
319,29.0,-2.0,61.0,69.0
320,40.0,-3.0,70.0,67.0
321,109.0,-1.0,72.0,65.0
322,14.0,9.0,89.0,76.0
323,-21.0,14.0,79.0,56.0
324,7.0,20.0,55.0,71.0
325,-58.0,3.0,71.0,62.0
326,-141.0,-4.0,82.0,64.0
327,13.0,-18.0,65.0,82.0
328,167.0,-16.0,57.0,55.0
329,-12.0,11.0,73.0,75.0
330,54.0,19.0,68.0,86.0
331,27.0,-24.0,60.0,77.0
332,-121.0,12.0,70.0,76.0
333,152.0,6.0,69.0,74.0
334,4.0,1.0,75.0,75.0
335,-10.0,-18.0,59.0,67.0
336,77.0,2.0,79.0,69.0
337,-3.0,0.0,89.0,67.0
338,86.0,-5.0,68.0,58.0
339,-189.0,8.0,70.0,59.0
340,-216.0,16.0,66.0,67.0
341,-11.0,-5.0,74.0,56.0
342,145.0,0.0,70.0,72.0
343,17.0,17.0,75.0,63.0
344,20.0,0.0,56.0,77.0
345,-105.0,5.0,74.0,79.0
346,132.0,7.0,69.0,77.0
347,-33.0,4.0,75.0,74.0
348,-49.0,19.0,61.0,68.0
349,9.0,3.0,71.0,68.0
350,-7.0,2.0,64.0,57.0
351,-86.0,6.0,78.0,65.0
352,-40.0,12.0,73.0,76.0
353,-13.0,19.0,82.0,70.0
354,-24.0,9.0,59.0,67.0
355,179.0,-15.0,59.0,72.0
356,-5.0,10.0,58.0,56.0
357,-43.0,10.0,76.0,47.0
358,21.0,27.0,45.0,65.0
359,-8.0,0.0,78.0,69.0
360,-34.0,25.0,75.0,75.0
361,-2.0,22.0,73.0,71.0
362,-109.0,-10.0,61.0,60.0
363,73.0,19.0,82.0,75.0
364,-5.0,18.0,47.0,70.0
365,-16.0,7.0,72.0,82.0
366,-88.0,3.0,56.0,61.0
367,-10.0,14.0,78.0,73.0
368,-2.0,0.0,69.0,74.0
369,76.0,7.0,63.0,58.0
370,-133.0,-20.0,72.0,71.0
371,163.0,7.0,53.0,41.0
372,102.0,16.0,69.0,64.0
373,-26.0,-2.0,74.0,70.0
374,145.0,-5.0,83.0,74.0
375,17.0,1.0,82.0,75.0
376,-109.0,-2.0,65.0,59.0
377,-181.0,7.0,80.0,84.0
378,18.0,-16.0,59.0,61.0
379,42.0,10.0,65.0,80.0
380,-51.0,3.0,60.0,92.0
381,-108.0,-2.0,80.0,72.0
382,-216.0,0.0,74.0,64.0
383,-65.0,-15.0,70.0,72.0
384,42.0,0.0,68.0,87.0
385,-50.0,-18.0,66.0,58.0
386,-44.0,12.0,71.0,80.0
387,-238.0,0.0,82.0,59.0
388,87.0,-6.0,70.0,65.0
389,-67.0,-17.0,60.0,80.0
390,-66.0,2.0,51.0,73.0
391,-51.0,2.0,54.0,66.0
392,127.0,6.0,65.0,70.0
393,29.0,18.0,72.0,87.0
394,-135.0,-5.0,61.0,63.0
395,-152.0,3.0,56.0,67.0
396,50.0,2.0,41.0,59.0
397,6.0,-5.0,67.0,83.0
398,-225.0,3.0,48.0,69.0
399,-228.0,18.0,89.0,78.0
400,115.0,-8.0,92.0,64.0
401,308.0,25.0,57.0,53.0
402,162.0,-4.0,70.0,56.0
403,-9.0,1.0,78.0,79.0
404,162.0,1.0,63.0,101.0
405,-65.0,10.0,66.0,76.0
406,127.0,0.0,74.0,87.0
407,-151.0,-8.0,63.0,48.0
408,9.0,-6.0,75.0,73.0
409,-146.0,-4.0,53.0,80.0
410,30.0,17.0,71.0,76.0
411,-136.0,-10.0,76.0,77.0
412,-121.0,2.0,77.0,98.0
413,-55.0,19.0,60.0,68.0
414,40.0,-9.0,66.0,76.0
415,175.0,3.0,56.0,72.0
416,-48.0,-5.0,55.0,62.0
417,213.0,-7.0,75.0,69.0
418,-77.0,12.0,84.0,74.0
419,-46.0,15.0,72.0,63.0
420,28.0,26.0,59.0,70.0
421,251.0,-6.0,49.0,60.0
422,-32.0,0.0,88.0,83.0
423,-121.0,6.0,58.0,55.0
424,-117.0,3.0,62.0,89.0
425,10.0,20.0,78.0,90.0
426,41.0,-3.0,59.0,87.0
427,165.0,14.0,71.0,67.0
428,-100.0,2.0,67.0,72.0
429,-112.0,-13.0,80.0,71.0
430,47.0,9.0,71.0,62.0
431,-84.0,15.0,58.0,50.0
432,15.0,10.0,74.0,40.0
433,92.0,16.0,55.0,74.0
434,19.0,-3.0,77.0,82.0
435,-36.0,14.0,67.0,66.0
436,-77.0,7.0,71.0,60.0
437,-92.0,6.0,50.0,56.0
438,63.0,3.0,59.0,74.0
439,-187.0,28.0,61.0,77.0
440,-21.0,-11.0,72.0,73.0
441,63.0,14.0,52.0,58.0
442,-119.0,9.0,57.0,61.0
443,171.0,-15.0,80.0,70.0
444,131.0,8.0,60.0,85.0
445,107.0,3.0,61.0,53.0
446,106.0,-23.0,71.0,76.0
447,-35.0,7.0,88.0,76.0
448,-67.0,-10.0,58.0,65.0
449,-135.0,18.0,70.0,86.0
450,138.0,-5.0,66.0,61.0
451,-83.0,16.0,75.0,69.0
452,142.0,13.0,71.0,74.0
453,-110.0,12.0,73.0,54.0
454,46.0,-6.0,77.0,58.0
455,119.0,11.0,85.0,99.0
456,-40.0,12.0,60.0,70.0
457,61.0,2.0,53.0,68.0
458,50.0,0.0,76.0,60.0
459,-11.0,7.0,63.0,81.0
460,-3.0,7.0,61.0,69.0
461,11.0,1.0,65.0,67.0
462,-7.0,4.0,72.0,71.0
463,-56.0,10.0,70.0,60.0
464,-148.0,23.0,77.0,64.0
465,-29.0,18.0,75.0,79.0
466,-148.0,16.0,86.0,60.0
467,42.0,-14.0,67.0,70.0
468,-73.0,6.0,63.0,63.0
469,96.0,0.0,78.0,79.0
470,-169.0,0.0,65.0,66.0
471,-68.0,11.0,70.0,82.0
472,114.0,5.0,60.0,48.0
473,268.0,26.0,70.0,56.0
474,-249.0,14.0,73.0,88.0
475,125.0,22.0,70.0,42.0
476,-133.0,-1.0,68.0,77.0
477,-50.0,11.0,80.0,80.0
478,35.0,-3.0,64.0,63.0
479,-124.0,-18.0,88.0,78.0
480,38.0,6.0,63.0,73.0
481,-34.0,-8.0,75.0,77.0
482,-18.0,-1.0,71.0,76.0
483,32.0,17.0,65.0,54.0
484,28.0,13.0,74.0,62.0
485,7.0,9.0,59.0,94.0
486,86.0,32.0,65.0,68.0
487,112.0,-3.0,80.0,73.0
488,-94.0,1.0,86.0,57.0
489,48.0,1.0,53.0,71.0
490,-102.0,10.0,102.0,45.0
491,255.0,9.0,48.0,77.0
492,12.0,6.0,81.0,65.0
493,11.0,25.0,61.0,75.0
494,-199.0,20.0,60.0,73.0
495,-64.0,0.0,65.0,77.0
496,-264.0,16.0,76.0,91.0
497,-21.0,-7.0,76.0,62.0
498,12.0,0.0,64.0,63.0
499,-195.0,-1.0,62.0,77.0
500,143.0,5.0,69.0,70.0
501,182.0,19.0,56.0,91.0
502,43.0,2.0,61.0,79.0
503,178.0,-6.0,69.0,62.0
504,166.0,-12.0,62.0,77.0
505,104.0,0.0,93.0,63.0
506,-14.0,-13.0,51.0,77.0
507,30.0,1.0,59.0,67.0
508,-41.0,9.0,83.0,93.0
509,177.0,-2.0,70.0,55.0
510,-115.0,8.0,53.0,80.0
511,-124.0,30.0,79.0,91.0
512,-187.0,12.0,62.0,67.0
513,-61.0,-1.0,52.0,65.0
514,144.0,15.0,77.0,85.0
515,181.0,4.0,70.0,77.0
516,-184.0,22.0,66.0,67.0
517,15.0,4.0,70.0,71.0
518,-26.0,16.0,79.0,70.0
519,-272.0,10.0,63.0,83.0
520,-14.0,2.0,58.0,86.0
521,90.0,10.0,64.0,61.0
522,-34.0,10.0,74.0,54.0
523,115.0,10.0,82.0,54.0
524,74.0,16.0,82.0,81.0
525,153.0,-8.0,59.0,74.0
526,276.0,8.0,56.0,82.0
527,-101.0,0.0,56.0,61.0
528,282.0,5.0,50.0,63.0
529,152.0,-10.0,72.0,72.0
530,124.0,5.0,83.0,64.0
531,20.0,7.0,69.0,67.0
532,53.0,3.0,58.0,61.0
533,12.0,-10.0,78.0,76.0
534,109.0,3.0,73.0,54.0
535,260.0,9.0,68.0,57.0
536,54.0,18.0,82.0,54.0
537,87.0,13.0,81.0,84.0
538,-80.0,1.0,69.0,71.0
539,-79.0,4.0,79.0,92.0
540,-76.0,16.0,68.0,62.0
541,-93.0,-19.0,69.0,66.0
542,130.0,19.0,70.0,58.0
543,-48.0,-10.0,80.0,71.0
544,51.0,8.0,82.0,81.0
545,52.0,-15.0,71.0,72.0
546,-373.0,-8.0,69.0,50.0
547,-3.0,5.0,68.0,68.0
548,90.0,-12.0,79.0,64.0
549,-146.0,-15.0,67.0,77.0
550,21.0,1.0,68.0,65.0
551,-148.0,-24.0,80.0,80.0
552,24.0,13.0,83.0,73.0
553,101.0,6.0,64.0,76.0
554,-63.0,12.0,77.0,49.0
555,9.0,7.0,44.0,51.0
556,122.0,6.0,77.0,71.0
557,169.0,9.0,62.0,56.0
558,78.0,-14.0,59.0,56.0
559,-36.0,-7.0,75.0,61.0
560,-134.0,17.0,77.0,97.0
561,28.0,-1.0,49.0,86.0
562,-33.0,-3.0,67.0,78.0
563,180.0,1.0,86.0,78.0
564,17.0,21.0,65.0,69.0
565,82.0,0.0,56.0,73.0
566,86.0,12.0,65.0,55.0
567,-186.0,-1.0,64.0,72.0
568,-51.0,9.0,67.0,74.0
569,164.0,-5.0,61.0,76.0
570,26.0,-2.0,51.0,68.0
571,-93.0,25.0,56.0,89.0
572,74.0,2.0,87.0,75.0
573,-23.0,-5.0,60.0,65.0
574,71.0,1.0,89.0,82.0
575,64.0,5.0,78.0,88.0
576,-46.0,1.0,77.0,68.0
577,-56.0,12.0,74.0,51.0
578,105.0,9.0,62.0,59.0
579,-171.0,14.0,64.0,67.0
580,109.0,-11.0,97.0,67.0
581,188.0,23.0,81.0,57.0
582,29.0,1.0,51.0,52.0
583,44.0,12.0,73.0,94.0
584,-39.0,23.0,71.0,81.0
585,-13.0,-21.0,57.0,80.0
586,92.0,-5.0,64.0,78.0
587,164.0,-9.0,47.0,61.0
588,30.0,6.0,65.0,67.0
589,127.0,6.0,81.0,59.0
590,137.0,0.0,67.0,76.0
591,40.0,-16.0,66.0,76.0
592,54.0,-1.0,68.0,72.0
593,-176.0,-18.0,64.0,63.0
594,87.0,6.0,64.0,46.0
595,6.0,15.0,56.0,92.0
596,13.0,16.0,57.0,64.0
597,-33.0,10.0,56.0,68.0
598,-9.0,-11.0,62.0,65.0
599,13.0,12.0,67.0,64.0
600,-132.0,5.0,64.0,73.0
601,-139.0,-7.0,80.0,66.0
602,111.0,6.0,52.0,89.0
603,-22.0,-2.0,70.0,61.0
604,66.0,10.0,71.0,83.0
605,-105.0,8.0,50.0,74.0
606,58.0,-3.0,67.0,68.0
607,214.0,17.0,75.0,77.0
608,156.0,17.0,44.0,54.0
609,-15.0,10.0,61.0,76.0
610,46.0,-1.0,52.0,58.0
611,67.0,-10.0,63.0,63.0
612,-83.0,0.0,77.0,57.0
613,-88.0,14.0,77.0,46.0
614,-53.0,23.0,67.0,78.0
615,158.0,-7.0,59.0,48.0
616,137.0,-5.0,70.0,71.0
617,148.0,7.0,70.0,48.0
618,-61.0,-7.0,65.0,91.0
619,288.0,-6.0,65.0,70.0
620,262.0,10.0,62.0,66.0
621,-98.0,8.0,69.0,65.0
622,80.0,7.0,62.0,61.0
623,-114.0,27.0,59.0,68.0
624,-197.0,-12.0,57.0,75.0
625,64.0,-17.0,64.0,54.0
626,-112.0,-5.0,59.0,78.0
627,-81.0,-2.0,58.0,91.0
628,-54.0,5.0,77.0,62.0
629,50.0,0.0,78.0,54.0
630,-290.0,0.0,74.0,85.0
631,57.0,-8.0,69.0,84.0
632,62.0,0.0,63.0,87.0
633,119.0,-6.0,54.0,59.0
634,-145.0,-4.0,88.0,75.0
635,-121.0,-29.0,66.0,72.0
636,-122.0,19.0,65.0,60.0
637,-195.0,22.0,85.0,70.0
638,179.0,-7.0,71.0,60.0
639,97.0,-3.0,61.0,88.0
640,22.0,17.0,68.0,62.0
641,43.0,4.0,74.0,77.0
642,105.0,-1.0,78.0,48.0
643,-284.0,-2.0,60.0,95.0
644,162.0,-11.0,74.0,69.0
645,-285.0,0.0,63.0,60.0
646,57.0,16.0,58.0,78.0
647,2.0,-10.0,59.0,66.0
648,68.0,-8.0,83.0,83.0
649,61.0,-12.0,73.0,83.0
650,-173.0,13.0,72.0,53.0
651,-67.0,10.0,79.0,79.0
652,-33.0,23.0,75.0,49.0
653,-202.0,0.0,59.0,84.0
654,-148.0,-19.0,78.0,62.0
655,18.0,0.0,54.0,64.0
656,-111.0,-38.0,102.0,72.0
657,-12.0,16.0,71.0,78.0
658,97.0,-5.0,74.0,60.0
659,106.0,-10.0,75.0,91.0
660,-79.0,3.0,88.0,49.0
661,77.0,-16.0,85.0,71.0
662,-7.0,2.0,60.0,67.0
663,-57.0,22.0,68.0,77.0
664,84.0,-1.0,65.0,61.0
665,-127.0,6.0,81.0,59.0
666,105.0,2.0,70.0,74.0
667,8.0,0.0,72.0,77.0
668,162.0,0.0,69.0,69.0
669,-278.0,22.0,66.0,63.0
670,67.0,2.0,73.0,66.0
671,-62.0,-3.0,73.0,60.0
672,162.0,20.0,70.0,77.0
673,-127.0,-2.0,72.0,64.0
674,-216.0,6.0,95.0,67.0
675,64.0,8.0,67.0,80.0
676,-48.0,3.0,61.0,73.0
677,-86.0,9.0,72.0,79.0
678,140.0,37.0,48.0,60.0
679,-33.0,-11.0,61.0,84.0
680,0.0,4.0,81.0,73.0
681,-44.0,-4.0,89.0,87.0
682,136.0,-11.0,56.0,81.0
683,-131.0,19.0,62.0,57.0
684,29.0,7.0,64.0,57.0
685,0.0,14.0,68.0,90.0
686,-153.0,1.0,74.0,62.0
687,16.0,3.0,65.0,81.0
688,251.0,-10.0,57.0,64.0
689,123.0,22.0,72.0,70.0
690,-23.0,9.0,68.0,70.0
691,114.0,2.0,73.0,67.0
692,164.0,13.0,67.0,58.0
693,69.0,24.0,60.0,80.0
694,-75.0,0.0,67.0,61.0
695,-75.0,3.0,69.0,54.0
696,101.0,21.0,77.0,67.0
697,196.0,-1.0,67.0,86.0
698,125.0,10.0,70.0,74.0
699,-44.0,11.0,67.0,81.0
700,-123.0,4.0,66.0,68.0
701,80.0,19.0,77.0,82.0
702,295.0,30.0,63.0,63.0
703,47.0,5.0,77.0,78.0
704,113.0,36.0,90.0,79.0
705,-35.0,-6.0,60.0,84.0
706,-175.0,13.0,66.0,67.0
707,-108.0,1.0,76.0,73.0
708,155.0,23.0,72.0,80.0
709,11.0,21.0,77.0,76.0
710,-46.0,0.0,83.0,62.0
711,62.0,-4.0,57.0,64.0
712,-185.0,-11.0,88.0,59.0
713,11.0,9.0,54.0,70.0
714,-140.0,6.0,72.0,61.0
715,-355.0,-21.0,69.0,74.0
716,-183.0,-2.0,69.0,64.0
717,6.0,-7.0,59.0,78.0
718,-239.0,10.0,89.0,53.0
719,-7.0,25.0,59.0,51.0
720,-45.0,3.0,68.0,82.0
721,92.0,-20.0,66.0,81.0
722,-69.0,-11.0,74.0,65.0
723,134.0,3.0,65.0,74.0
724,-67.0,-6.0,62.0,76.0
725,9.0,3.0,66.0,78.0
726,10.0,-10.0,72.0,58.0
727,-12.0,10.0,72.0,82.0
728,1.0,-13.0,55.0,60.0
729,5.0,7.0,76.0,86.0
730,-33.0,3.0,74.0,69.0
731,-25.0,-13.0,71.0,71.0
732,-109.0,13.0,61.0,63.0
733,-193.0,0.0,54.0,53.0
734,-98.0,-1.0,61.0,77.0
735,-84.0,7.0,51.0,48.0
736,-248.0,0.0,60.0,94.0
737,-49.0,2.0,77.0,57.0
738,12.0,11.0,70.0,101.0
739,-71.0,-8.0,70.0,58.0
740,-126.0,0.0,49.0,82.0
741,107.0,-14.0,66.0,72.0
742,216.0,11.0,63.0,81.0
743,38.0,-1.0,54.0,58.0
744,38.0,-5.0,79.0,89.0
745,65.0,3.0,73.0,75.0
746,93.0,1.0,54.0,36.0
747,50.0,-4.0,76.0,85.0
748,3.0,-9.0,73.0,77.0
749,69.0,24.0,72.0,71.0
750,54.0,-15.0,56.0,50.0
751,118.0,11.0,61.0,67.0
752,-22.0,13.0,70.0,67.0
753,-114.0,25.0,64.0,75.0
754,80.0,4.0,72.0,64.0
755,129.0,6.0,46.0,73.0
756,68.0,-8.0,52.0,68.0
757,-74.0,3.0,71.0,64.0
758,71.0,2.0,55.0,61.0
759,-132.0,17.0,49.0,63.0
760,197.0,0.0,71.0,92.0
761,38.0,17.0,61.0,58.0
762,-31.0,7.0,77.0,39.0
763,0.0,1.0,60.0,65.0
764,-27.0,0.0,80.0,80.0
765,-18.0,15.0,64.0,70.0
766,-80.0,9.0,41.0,87.0
767,-54.0,-11.0,48.0,80.0
768,-70.0,-3.0,74.0,71.0
769,148.0,6.0,57.0,81.0
770,-206.0,-13.0,68.0,68.0
771,-6.0,-7.0,66.0,82.0
772,-142.0,0.0,95.0,74.0
773,-288.0,2.0,65.0,78.0
774,79.0,-9.0,78.0,49.0
775,-68.0,33.0,64.0,74.0
776,18.0,9.0,52.0,73.0
777,178.0,-12.0,71.0,65.0
778,25.0,-7.0,63.0,64.0
779,53.0,9.0,78.0,82.0
780,-87.0,7.0,75.0,69.0
781,71.0,2.0,67.0,81.0
782,-22.0,6.0,63.0,69.0
783,74.0,18.0,58.0,40.0
784,163.0,20.0,67.0,76.0
785,34.0,3.0,69.0,60.0
786,149.0,3.0,86.0,70.0
787,204.0,12.0,74.0,98.0
788,-70.0,14.0,78.0,95.0
789,-156.0,-5.0,90.0,60.0
790,4.0,14.0,74.0,75.0
791,-134.0,12.0,58.0,60.0
792,2.0,1.0,89.0,68.0
793,9.0,25.0,89.0,76.0
794,-26.0,20.0,77.0,78.0
795,149.0,8.0,80.0,79.0
796,9.0,5.0,55.0,62.0
797,-29.0,-14.0,50.0,51.0
798,-251.0,-6.0,84.0,71.0
799,10.0,13.0,79.0,66.0
800,238.0,2.0,59.0,85.0
801,84.0,6.0,64.0,78.0
802,68.0,5.0,38.0,75.0
803,-73.0,7.0,86.0,71.0
804,91.0,13.0,48.0,88.0
805,-124.0,4.0,74.0,91.0
806,-26.0,7.0,48.0,55.0
807,31.0,5.0,69.0,56.0
808,33.0,-4.0,82.0,67.0
809,-126.0,-1.0,71.0,71.0
810,-46.0,1.0,85.0,48.0
811,48.0,20.0,63.0,65.0
812,-117.0,6.0,68.0,72.0
813,-6.0,6.0,83.0,69.0
814,-65.0,5.0,63.0,77.0
815,128.0,-5.0,61.0,66.0
816,-5.0,22.0,70.0,46.0
817,42.0,-7.0,70.0,84.0
818,-28.0,9.0,62.0,67.0
819,98.0,35.0,61.0,67.0
820,273.0,-20.0,87.0,89.0
821,35.0,11.0,78.0,60.0
822,-40.0,2.0,73.0,74.0
823,-158.0,1.0,51.0,47.0
824,-249.0,5.0,46.0,74.0
825,-8.0,2.0,50.0,71.0
826,-8.0,7.0,80.0,72.0
827,-157.0,0.0,57.0,64.0
828,-114.0,-3.0,74.0,62.0
829,-265.0,5.0,34.0,61.0
830,145.0,-14.0,70.0,78.0
831,-181.0,-9.0,69.0,69.0
832,37.0,12.0,63.0,71.0
833,198.0,-9.0,93.0,85.0
834,-124.0,-2.0,57.0,67.0
835,49.0,-3.0,56.0,75.0
836,109.0,-9.0,34.0,60.0
837,-120.0,-1.0,74.0,104.0
838,-223.0,19.0,59.0,39.0
839,-22.0,3.0,67.0,47.0
840,-28.0,-3.0,48.0,77.0
841,120.0,-8.0,83.0,69.0
842,172.0,-4.0,77.0,72.0
843,110.0,10.0,88.0,83.0
844,-33.0,31.0,74.0,73.0
845,49.0,2.0,54.0,69.0
846,-100.0,14.0,53.0,51.0
847,-297.0,21.0,58.0,42.0
848,128.0,5.0,59.0,70.0
849,-264.0,-8.0,77.0,54.0
850,30.0,14.0,74.0,86.0
851,27.0,-12.0,73.0,51.0
852,55.0,12.0,71.0,57.0
853,-67.0,4.0,54.0,77.0
854,-106.0,20.0,74.0,60.0
855,-162.0,10.0,73.0,67.0
856,193.0,12.0,67.0,75.0
857,-3.0,1.0,58.0,87.0
858,87.0,10.0,77.0,55.0
859,-149.0,14.0,53.0,47.0
860,116.0,-6.0,92.0,74.0
861,-61.0,18.0,71.0,72.0
862,-238.0,13.0,42.0,88.0
863,-303.0,-8.0,70.0,67.0
864,-116.0,9.0,48.0,79.0
865,-65.0,23.0,78.0,90.0
866,188.0,-5.0,58.0,86.0
867,-16.0,15.0,78.0,66.0
868,-81.0,3.0,59.0,90.0
869,-72.0,-2.0,61.0,77.0
870,-149.0,-15.0,59.0,69.0
871,216.0,4.0,81.0,68.0
872,-71.0,-13.0,70.0,62.0
873,-311.0,17.0,66.0,67.0
874,-64.0,-4.0,68.0,63.0
875,63.0,5.0,73.0,63.0
876,-88.0,15.0,85.0,50.0
877,48.0,0.0,59.0,65.0
878,-104.0,12.0,85.0,66.0
879,-169.0,1.0,53.0,87.0
880,-300.0,-8.0,65.0,83.0
881,146.0,-3.0,59.0,68.0
882,-46.0,-15.0,67.0,55.0
883,-13.0,0.0,87.0,80.0
884,131.0,16.0,64.0,54.0
885,-48.0,0.0,60.0,74.0
886,91.0,11.0,64.0,50.0
887,49.0,9.0,48.0,50.0
888,21.0,-6.0,56.0,82.0
889,87.0,13.0,81.0,82.0
890,145.0,-3.0,60.0,74.0
891,40.0,3.0,66.0,74.0
892,-14.0,13.0,66.0,57.0
893,176.0,-8.0,41.0,66.0
894,-44.0,17.0,53.0,57.0
895,48.0,5.0,68.0,89.0
896,213.0,5.0,68.0,63.0
897,155.0,-7.0,62.0,73.0
898,-28.0,6.0,66.0,78.0
899,69.0,-9.0,67.0,82.0
900,-1.0,2.0,61.0,69.0
901,-103.0,12.0,64.0,76.0
902,77.0,-2.0,73.0,75.0
903,-67.0,-1.0,60.0,74.0
904,-99.0,2.0,66.0,60.0
905,-146.0,-4.0,109.0,63.0
906,4.0,-5.0,60.0,48.0
907,48.0,14.0,57.0,68.0
908,-25.0,-13.0,66.0,78.0
909,141.0,-9.0,74.0,51.0
910,90.0,12.0,63.0,64.0
911,21.0,4.0,76.0,78.0
912,129.0,3.0,64.0,79.0
913,132.0,-1.0,71.0,62.0
914,34.0,2.0,63.0,52.0
915,-158.0,6.0,69.0,92.0
916,104.0,7.0,59.0,93.0
917,67.0,-4.0,77.0,78.0
918,-253.0,15.0,76.0,85.0
919,-94.0,-5.0,68.0,71.0
920,65.0,8.0,79.0,52.0
921,-137.0,5.0,65.0,74.0
922,119.0,22.0,66.0,71.0
923,67.0,-8.0,54.0,97.0
924,117.0,12.0,69.0,66.0
925,0.0,20.0,74.0,77.0
926,-66.0,4.0,71.0,73.0
927,21.0,4.0,49.0,63.0
928,25.0,-6.0,59.0,67.0
929,82.0,7.0,45.0,71.0
930,-148.0,5.0,66.0,48.0
931,214.0,3.0,59.0,82.0
932,20.0,5.0,68.0,72.0
933,10.0,-11.0,64.0,70.0
934,104.0,7.0,76.0,81.0
935,-3.0,1.0,58.0,55.0
936,-91.0,-7.0,88.0,85.0
937,-114.0,-7.0,64.0,76.0
938,-9.0,10.0,65.0,77.0
939,-79.0,-12.0,83.0,64.0
940,81.0,6.0,78.0,84.0
941,34.0,1.0,50.0,78.0
942,-168.0,2.0,69.0,74.0
943,-30.0,-15.0,77.0,103.0
944,14.0,42.0,65.0,80.0
945,-314.0,7.0,83.0,68.0
946,70.0,19.0,54.0,63.0
947,-112.0,-7.0,72.0,79.0
948,39.0,15.0,56.0,70.0
949,-32.0,5.0,65.0,77.0
950,-121.0,2.0,65.0,58.0
951,23.0,-5.0,82.0,56.0
952,-39.0,-1.0,58.0,63.0
953,-44.0,14.0,65.0,75.0
954,137.0,3.0,62.0,62.0
955,234.0,0.0,76.0,71.0
956,-74.0,8.0,73.0,44.0
957,-34.0,3.0,56.0,48.0
958,60.0,9.0,83.0,70.0
959,208.0,12.0,56.0,73.0
960,-228.0,4.0,67.0,49.0
961,-39.0,20.0,70.0,75.0
962,-53.0,2.0,66.0,80.0
963,25.0,10.0,66.0,82.0
964,-150.0,5.0,62.0,64.0
965,21.0,-4.0,56.0,76.0
966,-142.0,-8.0,49.0,69.0
967,-82.0,-12.0,62.0,70.0
968,148.0,8.0,76.0,82.0
969,-61.0,-3.0,66.0,59.0
970,-135.0,5.0,59.0,65.0
971,-126.0,-8.0,78.0,67.0
972,-45.0,4.0,74.0,83.0
973,137.0,9.0,66.0,76.0
974,195.0,-7.0,62.0,51.0
975,0.0,1.0,66.0,80.0
976,-18.0,30.0,62.0,73.0
977,-94.0,8.0,57.0,80.0
978,3.0,4.0,77.0,69.0
979,187.0,9.0,89.0,74.0
980,-135.0,0.0,73.0,55.0
981,114.0,2.0,66.0,62.0
982,-198.0,-2.0,62.0,64.0
983,98.0,9.0,47.0,57.0
984,200.0,-4.0,77.0,71.0
985,-91.0,-14.0,68.0,60.0
986,125.0,9.0,55.0,61.0
987,-46.0,5.0,71.0,74.0
988,125.0,18.0,66.0,78.0
989,-181.0,5.0,67.0,68.0
990,79.0,-18.0,61.0,62.0
991,-152.0,0.0,74.0,78.0
992,110.0,0.0,71.0,68.0
993,26.0,-2.0,62.0,62.0
994,-156.0,-2.0,77.0,70.0
995,172.0,5.0,67.0,42.0
996,23.0,19.0,70.0,67.0
997,47.0,17.0,71.0,70.0
998,94.0,-11.0,66.0,65.0
999,-36.0,2.0,78.0,62.0
